4 6
-5 -2 0 0 0 0
 1  0 1 0 0 3
 0  1 0 1 0 4
 1  2 0 0 1 9

3 5
-10 -12 0 0 0
1 1 1 0 100
1 3 0 1 270

5 8
-10 -20 -30 0 0 0 0   0
2     2   4 1 0 0 0 300
0     4   3 0 1 0 0 200
1     0   0 0 0 1 0  20
4     3   0 0 0 0 1  50

4 7
1 -3 -2 0 0 0 0
0 2 1 1 0 0 100
0 1 1 0 1 0 80
0 1 0 0 0 1 40

5 9
-10 -8 -9 -7 0 0 0 0 0
  5  4  8  9 1 0 0 0 800
  2  6  0  8 0 1 0 0 200
  2  4  2  8 0 0 1 0 12000
  7  3  0  7 0 0 0 1 16000

4 6
-5 -2 0 0 0 0
1 0 1 0 0 4
0 1 0 1 0 3
1 2 0 0 1 8

3 5
-1 -2 0 0 0
-1 3 1 0 6
1 -1 0 1 2

3 5
2 -4 0 0 0
-1 2 1 0 2
1 2 0 1 7

4 8
-4 -5 -9 -11 0 0 0 0
1 1 1 1 1 0 0 15
7 5 3 2 0 1 0 120
3 5 10 15 0 0 1 100

4 7
-5 -4 -3 0 0 0 0
2 3 1 1 0 0 5
4 2 2 0 1 0 11
3 2 2 0 0 1 8

4 7
-2 -3 -4 0 0 0 0
1 1 1 1 0 0 100
2 1 0 0 1 0 210
1 0 0 0 0 1 80

3 6
1 -50 -80 0 0 0
0 1 2 1 0 120
0 1 1 0 1 90